 _________________________________________________________________ 
                              _                                   \
  ___________            __   \\ /\        _____     ___   _____  |
 /____  ____/           / / /\|*\|*\/\    / ___ \   /   | |  _  \ |
     / / __  __  __    / /  \********/   / /  /_/  / /| | | / | | |
    / / / / / / / /_  / /__  \**__**/   / / ____  / / | | | |_/ / |
   / / / / / / / __/ / ___ \ /*/  \*\  / / /_  / / /__| | |  __/  |
  / / / /_/ / / /   / /__/ / \ \__/ / / /___/ / / ____  | | |     |
 /_/_/_____/_/_/___/______/___\____/__\______/_/_/____|_|_|_|____ |
 _____________________________________________________________  / |
 *************************************************************|/  |
                      Welcome to TurboGAP v0.1                    |
                     Written and maintained by                    |
                                                                  |
                          Miguel A. Caro                          |
                        mcaroba@gmail.com                         |
                       miguel.caro@aalto.fi                       |
                                                                  |
        Department of Electrical Engineering and Automation       |
                      Aalto University, Finland                   |
                                                                  |
 .................................................................|
                                                                  |
 ====================>>>>>  turbogap.fi  <<<<<====================|
                                                                  |
 .................................................................|
                                                                  |
 Contributors (code and methodology) in chronological order:      |
                                                                  |
 *) Miguel A. Caro (Aalto University)                             |
 *) Patricia Hernández-León (Aalto University)                    |
 *) Suresh Kondati Natarajan (now @ QuantumWise, formerly @ Aalto)|
 *) Albert P. Bartók-Pártay (Warwick University)                  |
 *) Eelis V. Mielonen (now @ EPFL, formerly @ Aalto)              |
 *) Heikki Muhli (Aalto University)                               |
 *) Mikhail Kuklin (Aalto University)                             |
 *) Gábor Csányi (University of Cambridge)                        |
 *) Jan Kloppenburg (Aalto University)                            |
                                                                  |
 .................................................................|
                                                                  |
                      Last updated: Jul. 2021                     |
                                         _________________________/
 .......................................|
                                        |
 Running TurboGAP with MPI support:     |
                                        |
 Running TurboGAP on      1 MPI tasks   |
                                        |
 .......................................|
                                        |
 Checking input file...                 |
                                        |
 WARNING: default vdW reference parame- |
 ters not available for element:        |
                                        |
 P                                      |
                                        |
 You can safely disregard this warning  |
 if your potential does not use van der |
 Waals corrections. Otherwise, or if you|
 want to overrride the defaults, you    |
 need to provide your own definitions of|
 vdw_c6_ref, vdw_r0_ref and             |
 vdw_alpha0_ref in the input file.      |
                                        |
 .......................................|
                                        |
 You specified the following options:   |
                                        |
 ---------------------------------      |
 Atoms file =           bp_all.xyz      |
 ---------------------------------      |
 No. of species   = 1                   |
   *) Species #1  =              P      |
 ---------------------------------      |
 rcut_max =         50.0000 Angst.      |
 ---------------------------------      |
                                        |
 .......................................|
                                        |
 WARNING: your simulation box is smaller|  <-- WARNING
 than a neighbors cutoff sphere; this   |
 will lead to slow code execution due to|
 inefficient neighbor list builds. This |
 warning will be printed only once. If  |
 you have more than one structure in    |
 your XYZ file, you may also have       |
 several instances of non-orthorhombic  |
 cells.                                 |
                                        |
 .......................................|
 has_vdw T
                                        |
 SOAP energy:           -39.03924447 eV |
 2b energy:               0.48863173 eV |
 3b energy:               0.00000000 eV |
 core_pot energy:         0.00000000 eV |
 vdw energy:             -1.49072420 eV |
 Total energy:          -44.23141510 eV |
                                        |
 Energy & forces in "trajectory_out.xyz"|
                                        |
 .......................................|
 pressure_soap:   -3.3906009757657479E-002   1.1049176122448447E-014  -2.3555540087545332E-015   1.1049176122448447E-014  -2.4714288963402584E-002  -9.4116739147116066E-013  -2.3555540087545332E-015  -9.4116739147116066E-013  -2.0671721025343835E-002
 pressure_vdw:   -2.8213109123751000E-003  -1.3004397727109117E-016   4.4367485917395385E-016  -1.3004397727109117E-016  -2.6763794717968902E-003  -4.0333345274236745E-015   4.4367485917395385E-016  -4.0333345274236745E-015  -3.4984014164811919E-003
 pressure_2b:    3.9462791125811907E-002   5.4631245530026895E-012  -1.6622778191326314E-013   5.4631245530026895E-012   3.5775110761277061E-002   5.8548544587855390E-012  -1.6622778191326314E-013   5.8548544587855390E-012   2.4888266018662831E-002
 pressure_3b:    0.0000000000000000        0.0000000000000000        0.0000000000000000        0.0000000000000000        0.0000000000000000        0.0000000000000000        0.0000000000000000        0.0000000000000000        0.0000000000000000     
 pressure_core_pot:    0.0000000000000000        0.0000000000000000        0.0000000000000000        0.0000000000000000        0.0000000000000000        0.0000000000000000        0.0000000000000000        0.0000000000000000        0.0000000000000000     
 full vdw forces
           1   1.0115637185992331E-012   2.6294992839535531E-002   3.8078379103680789E-002
           2   7.0922677690291643E-013  -2.6294992821187264E-002  -3.8078379109300023E-002
           3   1.2664388640090825E-012   2.6294992797791298E-002  -3.8078379108891690E-002
           4   9.9455254077315640E-013  -2.6294992782825981E-002   3.8078379115416588E-002
           5   1.0256899496408067E-012   2.6294992787601803E-002   3.8078379116446549E-002
           6   6.9731167454817333E-013  -2.6294992807505944E-002  -3.8078379104690391E-002
           7   1.2696450607443260E-012   2.6294992819886068E-002  -3.8078379112894849E-002
           8   1.0089175216034408E-012  -2.6294992834488020E-002   3.8078379108699774E-002
 has_vdw T
                                        |
 SOAP energy:           -39.06010339 eV |
 2b energy:               0.50115384 eV |
 3b energy:               0.00000000 eV |
 core_pot energy:         0.00000000 eV |
 vdw energy:             -1.48796259 eV |
 Total energy:          -44.23699030 eV |
                                        |
 Energy & forces in "trajectory_out.xyz"|
                                        |
 .......................................|
 pressure_soap:   -3.4065767281724231E-002   1.5208094234507144E-014   6.8104728450752549E-015   1.5208094234507144E-014  -2.5127192129568498E-002  -1.8331816140382993E-012   6.8104728450752549E-015  -1.8331816140382993E-012  -2.0727514624241831E-002
 pressure_vdw:   -2.7959233260840782E-003  -2.0239806931017873E-016   3.4168446494473482E-016  -2.0239806931017873E-016  -2.6150268244472200E-003  -1.7906432878555354E-014   3.4168446494473482E-016  -1.7906432878555354E-014  -3.4711827517339006E-003
 pressure_2b:    3.9436981660524312E-002  -5.6001909458570214E-012  -8.1271256382095504E-012  -5.6001909458570214E-012   3.5786616284720421E-002   8.0898121828948463E-012  -8.1271256382095504E-012   8.0898121828948463E-012   2.4814149770735278E-002
 pressure_3b:    0.0000000000000000        0.0000000000000000        0.0000000000000000        0.0000000000000000        0.0000000000000000        0.0000000000000000        0.0000000000000000        0.0000000000000000        0.0000000000000000     
 pressure_core_pot:    0.0000000000000000        0.0000000000000000        0.0000000000000000        0.0000000000000000        0.0000000000000000        0.0000000000000000        0.0000000000000000        0.0000000000000000        0.0000000000000000     
 full vdw forces
           1   9.9681721210664875E-013   2.5172198860913816E-002   3.8185844038950749E-002
           2   7.0610022074647262E-013  -2.5172198844616928E-002  -3.8185844045721062E-002
           3   1.2602843548015848E-012   2.5172198821705499E-002  -3.8185844040825818E-002
           4   9.9113814969222489E-013  -2.5172198818814672E-002   3.8185844044601784E-002
           5   1.0110181192669182E-012   2.5172198841098257E-002   3.8185844034197704E-002
           6   6.9668159045563338E-013  -2.5172198852179455E-002  -3.8185844033046999E-002
           7   1.2615581864751368E-012   2.5172198824314436E-002  -3.8185844039647879E-002
           8   9.8507917521326559E-013  -2.5172198842853877E-002   3.8185844035268771E-002
 has_vdw T
                                        |
 SOAP energy:           -39.08027441 eV |
 2b energy:               0.51351827 eV |
 3b energy:               0.00000000 eV |
 core_pot energy:         0.00000000 eV |
 vdw energy:             -1.48527415 eV |
 Total energy:          -44.24210845 eV |
                                        |
 Energy & forces in "trajectory_out.xyz"|
                                        |
 .......................................|
 pressure_soap:   -3.4220101361591759E-002  -8.0286020722718634E-015  -3.8005661074024634E-016  -8.0286020722718634E-015  -2.5523018970850703E-002  -1.9745645469523078E-012  -3.8005661074024634E-016  -1.9745645469523078E-012  -2.0774820629325338E-002
 pressure_vdw:   -2.7706308353035668E-003   1.3706319378465867E-016   4.2219056081595153E-016   1.3706319378465867E-016  -2.5539099112490003E-003  -2.1736866677680966E-015   4.2219056081595153E-016  -2.1736866677680966E-015  -3.4443180717977665E-003
 pressure_2b:    3.9397664782057674E-002  -1.0448040153405239E-011  -3.3486272539363353E-012  -1.0448040153405239E-011   3.5783949720550060E-002   5.8060802139582451E-012  -3.3486272539363353E-012   5.8060802139582451E-012   2.4735857484264968E-002
 pressure_3b:    0.0000000000000000        0.0000000000000000        0.0000000000000000        0.0000000000000000        0.0000000000000000        0.0000000000000000        0.0000000000000000        0.0000000000000000        0.0000000000000000     
 pressure_core_pot:    0.0000000000000000        0.0000000000000000        0.0000000000000000        0.0000000000000000        0.0000000000000000        0.0000000000000000        0.0000000000000000        0.0000000000000000        0.0000000000000000     
 full vdw forces
           1   1.0044795212754221E-012   2.4049367659106959E-002   3.8294833121868627E-002
           2   7.0644592538543320E-013  -2.4049367662419670E-002  -3.8294833119566357E-002
           3   1.2295598490847325E-012   2.4049367653614116E-002  -3.8294833118798569E-002
           4   9.7637992873398000E-013  -2.4049367652963272E-002   3.8294833123826762E-002
           5   1.0049434700197535E-012   2.4049367650627006E-002   3.8294833111557923E-002
           6   7.0622170221176783E-013  -2.4049367653194480E-002  -3.8294833110429805E-002
           7   1.2297843949779508E-012   2.4049367670970021E-002  -3.8294833110283505E-002
           8   9.9129656645270160E-013  -2.4049367668372502E-002   3.8294833111261861E-002
 has_vdw T
                                        |
 SOAP energy:           -39.09978654 eV |
 2b energy:               0.52574498 eV |
 3b energy:               0.00000000 eV |
 core_pot energy:         0.00000000 eV |
 vdw energy:             -1.48265859 eV |
 Total energy:          -44.24677832 eV |
                                        |
 Energy & forces in "trajectory_out.xyz"|
                                        |
 .......................................|
 pressure_soap:   -3.4368752519393878E-002   1.8295110157522271E-014  -4.2402972049685477E-015   1.8295110157522271E-014  -2.5900919061951057E-002  -1.0678221311515580E-012  -4.2402972049685477E-015  -1.0678221311515580E-012  -2.0813711917275993E-002
 pressure_vdw:   -2.7454092523592865E-003  -2.2741999780794872E-016   4.3572883423641227E-016  -2.2741999780794872E-016  -2.4931055200679200E-003   9.1105300186481915E-015   4.3572883423641227E-016   9.1105300186481915E-015  -3.4178267722095334E-003
 pressure_2b:    3.9346800020731584E-002   1.0837063284721048E-011  -1.6024487510683134E-012   1.0837063284721048E-011   3.5770637546235627E-002   1.3422119826434941E-011  -1.6024487510683134E-012   1.3422119826434941E-011   2.4659310204915342E-002
 pressure_3b:    0.0000000000000000        0.0000000000000000        0.0000000000000000        0.0000000000000000        0.0000000000000000        0.0000000000000000        0.0000000000000000        0.0000000000000000        0.0000000000000000     
 pressure_core_pot:    0.0000000000000000        0.0000000000000000        0.0000000000000000        0.0000000000000000        0.0000000000000000        0.0000000000000000        0.0000000000000000        0.0000000000000000        0.0000000000000000     
 full vdw forces
           1   9.8541645018033509E-013   2.2928501162394539E-002   3.8405269697879649E-002
           2   6.7516871034170676E-013  -2.2928501153038707E-002  -3.8405269698066465E-002
           3   1.2355222740896826E-012   2.2928501148271614E-002  -3.8405269689558819E-002
           4   9.7911890590716630E-013  -2.2928501140909933E-002   3.8405269696186004E-002
           5   9.8888789951817602E-013   2.2928501158269318E-002   3.8405269697481342E-002
           6   6.8060411907017171E-013  -2.2928501170674714E-002  -3.8405269694243058E-002
           7   1.2389716937946313E-012   2.2928501132971041E-002  -3.8405269690485175E-002
           8   9.7065888990778906E-013  -2.2928501143626073E-002   3.8405269691098740E-002
 has_vdw T
                                        |
 SOAP energy:           -39.11866992 eV |
 2b energy:               0.53784762 eV |
 3b energy:               0.00000000 eV |
 core_pot energy:         0.00000000 eV |
 vdw energy:             -1.48011558 eV |
 Total energy:          -44.25101604 eV |
                                        |
 Energy & forces in "trajectory_out.xyz"|
                                        |
 .......................................|
 pressure_soap:   -3.4511475693126979E-002   5.8910719814849401E-017  -3.9105273643843222E-015   5.8910719814849401E-017  -2.6260094696239255E-002  -1.1458593686365494E-012  -3.9105273643843222E-015  -1.1458593686365494E-012  -2.0844276403239180E-002
 pressure_vdw:   -2.7202888655122486E-003  -3.1048429421622782E-017   4.3570380904024166E-016  -3.1048429421622782E-017  -2.4325578796236375E-003   6.8651646845421834E-015   4.3570380904024166E-016   6.8651646845421834E-015  -3.3917063677841737E-003
 pressure_2b:    3.9287204132632293E-002   1.3219121586277115E-012  -8.9873515846407995E-012   1.3219121586277115E-012   3.5751396459756724E-002   4.9613490900948554E-012  -8.9873515846407995E-012   4.9613490900948554E-012   2.4591657200549767E-002
 pressure_3b:    0.0000000000000000        0.0000000000000000        0.0000000000000000        0.0000000000000000        0.0000000000000000        0.0000000000000000        0.0000000000000000        0.0000000000000000        0.0000000000000000     
 pressure_core_pot:    0.0000000000000000        0.0000000000000000        0.0000000000000000        0.0000000000000000        0.0000000000000000        0.0000000000000000        0.0000000000000000        0.0000000000000000        0.0000000000000000     
 full vdw forces
           1   9.7385722702431499E-013   2.1811478132104510E-002   3.8517116191452545E-002
           2   6.8268387802908077E-013  -2.1811478114458636E-002  -3.8517116198677155E-002
           3   1.2177983252382714E-012   2.1811478128859346E-002  -3.8517116188371413E-002
           4   9.6690093379312174E-013  -2.1811478117730241E-002   3.8517116197521913E-002
           5   9.8338565480797502E-013   2.1811478130548245E-002   3.8517116189294355E-002
           6   6.7697556544940585E-013  -2.1811478144021040E-002  -3.8517116181239569E-002
           7   1.2203889293441531E-012   2.1811478107841363E-002  -3.8517116186700250E-002
           8   9.6546919357886132E-013  -2.1811478126614089E-002   3.8517116180423742E-002
 has_vdw T
                                        |
 SOAP energy:           -39.13695568 eV |
 2b energy:               0.54983170 eV |
 3b energy:               0.00000000 eV |
 core_pot energy:         0.00000000 eV |
 vdw energy:             -1.47764465 eV |
 Total energy:          -44.25484680 eV |
                                        |
 Energy & forces in "trajectory_out.xyz"|
                                        |
 .......................................|
 pressure_soap:   -3.4648040715830275E-002   4.7190843807328669E-015  -9.7526609467817501E-016   4.7190843807328669E-015  -2.6599803500697648E-002  -1.7906975588894716E-012  -9.7526609467817501E-016  -1.7906975588894716E-012  -2.0866616910018142E-002
 pressure_vdw:   -2.6952942891623733E-003  -4.3667218266313336E-017   3.9434559822702623E-016  -4.3667218266313336E-017  -2.3724992592383839E-003   9.6542980581659941E-015   3.9434559822702623E-016   9.6542980581659941E-015  -3.3660159213361384E-003
 pressure_2b:    3.9222668770942624E-002  -2.5301171740135111E-013   3.3413245667892376E-013  -2.5301171740135111E-013   3.5732294879555024E-002   4.0469742533419946E-013   3.3413245667892376E-013   4.0469742533419946E-013   2.4541382324779371E-002
 pressure_3b:    0.0000000000000000        0.0000000000000000        0.0000000000000000        0.0000000000000000        0.0000000000000000        0.0000000000000000        0.0000000000000000        0.0000000000000000        0.0000000000000000     
 pressure_core_pot:    0.0000000000000000        0.0000000000000000        0.0000000000000000        0.0000000000000000        0.0000000000000000        0.0000000000000000        0.0000000000000000        0.0000000000000000        0.0000000000000000     
 full vdw forces
           1   9.5960305758528925E-013   2.0700161203672698E-002   3.8630236481455839E-002
           2   6.7535976878735533E-013  -2.0700161207399061E-002  -3.8630236471973688E-002
           3   1.2011257681028591E-012   2.0700161207641281E-002  -3.8630236482647899E-002
           4   9.5761340810889147E-013  -2.0700161208250845E-002   3.8630236479755616E-002
           5   9.6811737771394790E-013   2.0700161201565780E-002   3.8630236477924761E-002
           6   6.6830834486233948E-013  -2.0700161197120794E-002  -3.8630236476167631E-002
           7   1.2064150676713292E-012   2.0700161216576234E-002  -3.8630236475549674E-002
           8   9.5070446063131794E-013  -2.0700161215172000E-002   3.8630236482167402E-002
 has_vdw T
                                        |
 SOAP energy:           -39.15467591 eV |
 2b energy:               0.56169241 eV |
 3b energy:               0.00000000 eV |
 core_pot energy:         0.00000000 eV |
 vdw energy:             -1.47524529 eV |
 Total energy:          -44.25830695 eV |
                                        |
 Energy & forces in "trajectory_out.xyz"|
                                        |
 .......................................|
 pressure_soap:   -3.4778232810842642E-002   1.4984721459168031E-014  -1.3889952830142676E-015   1.4984721459168031E-014  -2.6919360933484033E-002  -1.6802602402153766E-012  -1.3889952830142676E-015  -1.6802602402153766E-012  -2.0880851004289200E-002
 pressure_vdw:   -2.6703923652584565E-003  -1.4883494484981744E-016   4.0276741036606554E-016  -1.4883494484981744E-016  -2.3128108000424895E-003  -1.9945076314174766E-014   4.0276741036606554E-016  -1.9945076314174766E-014  -3.3407597867078334E-003
 pressure_2b:    3.9158083425862494E-002  -1.0538081470468643E-012   8.0144757127538139E-013  -1.0538081470468643E-012   3.5720922684469629E-002  -3.0699865635875417E-012   8.0144757127538139E-013  -3.0699865635875417E-012   2.4518410156928638E-002
 pressure_3b:    0.0000000000000000        0.0000000000000000        0.0000000000000000        0.0000000000000000        0.0000000000000000        0.0000000000000000        0.0000000000000000        0.0000000000000000        0.0000000000000000     
 pressure_core_pot:    0.0000000000000000        0.0000000000000000        0.0000000000000000        0.0000000000000000        0.0000000000000000        0.0000000000000000        0.0000000000000000        0.0000000000000000        0.0000000000000000     
 full vdw forces
           1   9.5884321990369120E-013   1.9596653151521561E-002   3.8744541440347030E-002
           2   6.6163875576664933E-013  -1.9596653163709583E-002  -3.8744541426924871E-002
           3   1.1944872820569922E-012   1.9596653120157195E-002  -3.8744541440090569E-002
           4   9.4514067685991655E-013  -1.9596653131181623E-002   3.8744541434236002E-002
           5   9.5850069417938166E-013   1.9596653154324021E-002   3.8744541437782352E-002
           6   6.6697076464214411E-013  -1.9596653148190125E-002  -3.8744541437568975E-002
           7   1.1949636023527929E-012   1.9596653137109028E-002  -3.8744541438388971E-002
           8   9.4511603201279971E-013  -1.9596653121266225E-002   3.8744541448488122E-002
 has_vdw T
                                        |
 SOAP energy:           -39.17186350 eV |
 2b energy:               0.57341235 eV |
 3b energy:               0.00000000 eV |
 core_pot energy:         0.00000000 eV |
 vdw energy:             -1.47291694 eV |
 Total energy:          -44.26144626 eV |
                                        |
 Energy & forces in "trajectory_out.xyz"|
                                        |
 .......................................|
 pressure_soap:   -3.4901853037000885E-002   9.8789509555705420E-015   9.3847670671826963E-016   9.8789509555705420E-015  -2.7218142590744496E-002  -1.7474106994885832E-012   9.3847670671826963E-016  -1.7474106994885832E-012  -2.0887110747979689E-002
 pressure_vdw:   -2.6455954455938593E-003  -1.3277172907438887E-016   3.8572949984743869E-016  -1.3277172907438887E-016  -2.2535886710153526E-003   1.5810626603620031E-014   3.8572949984743869E-016   1.5810626603620031E-014  -3.3159607871880705E-003
 pressure_2b:    3.9099560582879417E-002  -7.6172018232055364E-012  -2.4159274193240130E-012  -7.6172018232055364E-012   3.5726567942963729E-002   1.2870045014739400E-012  -2.4159274193240130E-012   1.2870045014739400E-012   2.4534210306274680E-002
 pressure_3b:    0.0000000000000000        0.0000000000000000        0.0000000000000000        0.0000000000000000        0.0000000000000000        0.0000000000000000        0.0000000000000000        0.0000000000000000        0.0000000000000000     
 pressure_core_pot:    0.0000000000000000        0.0000000000000000        0.0000000000000000        0.0000000000000000        0.0000000000000000        0.0000000000000000        0.0000000000000000        0.0000000000000000        0.0000000000000000     
 full vdw forces
           1   9.4833298437240745E-013   1.8502954037241705E-002   3.8859831550223052E-002
           2   6.5782002376746709E-013  -1.8502954029081989E-002  -3.8859831546820725E-002
           3   1.1835730406089883E-012   1.8502954065214967E-002  -3.8859831543118242E-002
           4   9.3972568204899690E-013  -1.8502954054010680E-002   3.8859831546736230E-002
           5   9.4846504782031271E-013   1.8502954042499093E-002   3.8859831567814224E-002
           6   6.6245240629841939E-013  -1.8502954055429111E-002  -3.8859831547789964E-002
           7   1.1838701405916113E-012   1.8502954034600935E-002  -3.8859831561341686E-002
           8   9.3012705217466844E-013  -1.8502954037427712E-002   3.8859831550611637E-002
 has_vdw T
                                        |
 SOAP energy:           -39.18855211 eV |
 2b energy:               0.58495883 eV |
 3b energy:               0.00000000 eV |
 core_pot energy:         0.00000000 eV |
 vdw energy:             -1.47065899 eV |
 Total energy:          -44.26433043 eV |
                                        |
 Energy & forces in "trajectory_out.xyz"|
                                        |
 .......................................|
 pressure_soap:   -3.5018718732247184E-002   1.0960826329172109E-014  -5.7262131595599117E-015   1.0960826329172109E-014  -2.7495586380132428E-002  -1.2710415357572131E-012  -5.7262131595599117E-015  -1.2710415357572131E-012  -2.0885542416503811E-002
 pressure_vdw:   -2.6208848505435028E-003  -1.2632711688823921E-016   4.4093375125633023E-016  -1.2632711688823921E-016  -2.1948214874367091E-003  -2.5637531739797229E-015   4.4093375125633023E-016  -2.5637531739797229E-015  -3.2916053617395879E-003
 pressure_2b:    3.9054563759677856E-002  -5.4372387625780016E-013  -4.4169429844655332E-012  -5.4372387625780016E-013   3.5760399839451472E-002   3.3114019544498970E-012  -4.4169429844655332E-012   3.3114019544498970E-012   2.4601899481250113E-002
 pressure_3b:    0.0000000000000000        0.0000000000000000        0.0000000000000000        0.0000000000000000        0.0000000000000000        0.0000000000000000        0.0000000000000000        0.0000000000000000        0.0000000000000000     
 pressure_core_pot:    0.0000000000000000        0.0000000000000000        0.0000000000000000        0.0000000000000000        0.0000000000000000        0.0000000000000000        0.0000000000000000        0.0000000000000000        0.0000000000000000     
 full vdw forces
           1   9.3607580098565213E-013   1.7421104464294117E-002   3.8975953113034617E-002
           2   6.5583871629505035E-013  -1.7421104477692632E-002  -3.8975953115503163E-002
           3   1.1684426943600921E-012   1.7421104450743356E-002  -3.8975953102972964E-002
           4   9.2243745239842796E-013  -1.7421104450438481E-002   3.8975953114173047E-002
           5   9.3116099141206388E-013   1.7421104479572701E-002   3.8975953108874563E-002
           6   6.5700217618744339E-013  -1.7421104482168943E-002  -3.8975953122580391E-002
           7   1.1719362053063190E-012   1.7421104444248377E-002  -3.8975953109041020E-002
           8   9.1654042686027497E-013  -1.7421104441540634E-002   3.8975953124546985E-002
 has_vdw T
                                        |
 SOAP energy:           -39.20477602 eV |
 2b energy:               0.59628107 eV |
 3b energy:               0.00000000 eV |
 core_pot energy:         0.00000000 eV |
 vdw energy:             -1.46847073 eV |
 Total energy:          -44.26704384 eV |
                                        |
 Energy & forces in "trajectory_out.xyz"|
                                        |
 .......................................|
 pressure_soap:   -3.5128663917060786E-002  -1.8070394591664509E-015   2.1164074019160553E-015  -1.8070394591664509E-015  -2.7751194473530947E-002  -1.8400703309806754E-012   2.1164074019160553E-015  -1.8400703309806754E-012  -2.0876306151681324E-002
 pressure_vdw:   -2.5962955567624306E-003   3.7145809267852961E-017   3.4976903511056082E-016   3.7145809267852961E-017  -2.1366392485192114E-003   1.3587907496579712E-014   3.4976903511056082E-016   1.3587907496579712E-014  -3.2677273835457470E-003
 pressure_2b:    3.9032036662670092E-002  -7.5044563509953233E-012   1.1090736008490871E-012  -7.5044563509953233E-012   3.5835656296034128E-002   8.4117200905513155E-012   1.1090736008490871E-012   8.4117200905513155E-012   2.4736339574723220E-002
 pressure_3b:    0.0000000000000000        0.0000000000000000        0.0000000000000000        0.0000000000000000        0.0000000000000000        0.0000000000000000        0.0000000000000000        0.0000000000000000        0.0000000000000000     
 pressure_core_pot:    0.0000000000000000        0.0000000000000000        0.0000000000000000        0.0000000000000000        0.0000000000000000        0.0000000000000000        0.0000000000000000        0.0000000000000000        0.0000000000000000     
 full vdw forces
           1   9.2053839187812916E-013   1.6353471705306377E-002   3.9092720014954237E-002
           2   6.4733979861350457E-013  -1.6353471690013766E-002  -3.9092720007050732E-002
           3   1.1510652818545864E-012   1.6353471744067344E-002  -3.9092720013327115E-002
           4   9.1378177386611268E-013  -1.6353471732223613E-002   3.9092720008278736E-002
           5   9.2137330208984236E-013   1.6353471707759651E-002   3.9092720016027920E-002
           6   6.5229993715526513E-013  -1.6353471715641055E-002  -3.9092719997851785E-002
           7   1.1561092523853372E-012   1.6353471719351798E-002  -3.9092720016717514E-002
           8   9.0817485503451659E-013  -1.6353471728780579E-002   3.9092719998482184E-002
 has_vdw T
                                        |
 SOAP energy:           -39.22057460 eV |
 2b energy:               0.60737668 eV |
 3b energy:               0.00000000 eV |
 core_pot energy:         0.00000000 eV |
 vdw energy:             -1.46635127 eV |
 Total energy:          -44.26962735 eV |
                                        |
 Energy & forces in "trajectory_out.xyz"|
                                        |
 .......................................|
 pressure_soap:   -3.5228624593686600E-002   6.2536380442824852E-015   4.3833402491174657E-015   6.2536380442824852E-015  -2.7975224315972207E-002  -1.8694481856965032E-012   4.3833402491174657E-015  -1.8694481856965032E-012  -2.0845334110709067E-002
 pressure_vdw:   -2.5718509833584828E-003  -6.2264566369033457E-017   3.2489719578221714E-016  -6.2264566369033457E-017  -2.0792296383886212E-003   1.2151354390881683E-014   3.2489719578221714E-016   1.2151354390881683E-014  -3.2444240417548414E-003
 pressure_2b:    3.8996741402905995E-002  -1.4814255629416323E-014   4.3039693242583594E-013  -1.4814255629416323E-014   3.5820768626374434E-002  -2.2693440948768868E-012   4.3039693242583594E-013  -2.2693440948768868E-012   2.4729402906609230E-002
 pressure_3b:    0.0000000000000000        0.0000000000000000        0.0000000000000000        0.0000000000000000        0.0000000000000000        0.0000000000000000        0.0000000000000000        0.0000000000000000        0.0000000000000000     
 pressure_core_pot:    0.0000000000000000        0.0000000000000000        0.0000000000000000        0.0000000000000000        0.0000000000000000        0.0000000000000000        0.0000000000000000        0.0000000000000000        0.0000000000000000     
 full vdw forces
           1   9.1185678443645368E-013   1.5303455018492196E-002   3.9210987105323010E-002
           2   6.4238570661643798E-013  -1.5303455019397713E-002  -3.9210987111256132E-002
           3   1.1505750779211565E-012   1.5303455036533619E-002  -3.9210987100907028E-002
           4   8.9952952855507085E-013  -1.5303455027919785E-002   3.9210987117540640E-002
           5   9.1208036132398029E-013   1.5303455013770248E-002   3.9210987111909311E-002
           6   6.4510040104909239E-013  -1.5303455023425635E-002  -3.9210987112476649E-002
           7   1.1505435682955187E-012   1.5303455028155671E-002  -3.9210987113848426E-002
           8   9.0660862335240761E-013  -1.5303455034949153E-002   3.9210987117716221E-002
 has_vdw T
                                        |
 SOAP energy:           -39.23599819 eV |
 2b energy:               0.61842963 eV |
 3b energy:               0.00000000 eV |
 core_pot energy:         0.00000000 eV |
 vdw energy:             -1.46429954 eV |
 Total energy:          -44.27194626 eV |
                                        |
 Energy & forces in "trajectory_out.xyz"|
                                        |
 .......................................|
 pressure_soap:   -3.5319977891256765E-002   9.1376981751847288E-015  -1.1394623235548744E-015   9.1376981751847288E-015  -2.8172173934897651E-002  -1.8701281608671224E-012  -1.1394623235548744E-015  -1.8701281608671224E-012  -2.0800457951041459E-002
 pressure_vdw:   -2.5475415723989654E-003  -9.1557603026406811E-017   3.7813156829088932E-016  -9.1557603026406811E-017  -2.0226233457995295E-003  -5.4852934078884740E-015   3.7813156829088932E-016  -5.4852934078884740E-015  -3.2216964873759881E-003
 pressure_2b:    3.8966206747351746E-002  -1.0231056510678883E-011  -3.2727259008065649E-012  -1.0231056510678883E-011   3.5747650840231883E-002   2.8288515131934763E-012  -3.2727259008065649E-012   2.8288515131934763E-012   2.4625439404442791E-002
 pressure_3b:    0.0000000000000000        0.0000000000000000        0.0000000000000000        0.0000000000000000        0.0000000000000000        0.0000000000000000        0.0000000000000000        0.0000000000000000        0.0000000000000000     
 pressure_core_pot:    0.0000000000000000        0.0000000000000000        0.0000000000000000        0.0000000000000000        0.0000000000000000        0.0000000000000000        0.0000000000000000        0.0000000000000000        0.0000000000000000     
 full vdw forces
           1   9.1110610826321313E-013   1.4273077169545163E-002   3.9329970899025748E-002
           2   6.3361269796700665E-013  -1.4273077169006776E-002  -3.9329970895385584E-002
           3   1.1328580489054080E-012   1.4273077132396400E-002  -3.9329970895961519E-002
           4   8.9259578461148292E-013  -1.4273077130044628E-002   3.9329970903232481E-002
           5   9.0383429907081592E-013   1.4273077143094332E-002   3.9329970898928458E-002
           6   6.3222707234397713E-013  -1.4273077149719451E-002  -3.9329970893854517E-002
           7   1.1331150454778685E-012   1.4273077153274697E-002  -3.9329970894666069E-002
           8   8.9704630578052794E-013  -1.4273077157238193E-002   3.9329970899010032E-002
 has_vdw T
                                        |
 SOAP energy:           -39.25108270 eV |
 2b energy:               0.62943753 eV |
 3b energy:               0.00000000 eV |
 core_pot energy:         0.00000000 eV |
 vdw energy:             -1.46231446 eV |
 Total energy:          -44.27403780 eV |
                                        |
 Energy & forces in "trajectory_out.xyz"|
                                        |
 .......................................|
 pressure_soap:   -3.5404186388827669E-002   2.9560478018456146E-015   5.6254270914253992E-016   2.9560478018456146E-015  -2.8346796780288341E-002  -1.8216872512408381E-012   5.6254270914253992E-016  -1.8216872512408381E-012  -2.0749625668447860E-002
 pressure_vdw:   -2.5233725313750675E-003  -3.3569780560287217E-018   3.5144559239784609E-016  -3.3569780560287217E-018  -1.9668345250904691E-003   1.2692537882127269E-014   3.5144559239784609E-016   1.2692537882127269E-014  -3.1995142622221542E-003
 pressure_2b:    3.8972715956178544E-002  -8.4754947372049697E-012  -1.1935368484534939E-012  -8.4754947372049697E-012   3.5693266806838340E-002  -5.6025997824447485E-012  -1.1935368484534939E-012  -5.6025997824447485E-012   2.4534108097331711E-002
 pressure_3b:    0.0000000000000000        0.0000000000000000        0.0000000000000000        0.0000000000000000        0.0000000000000000        0.0000000000000000        0.0000000000000000        0.0000000000000000        0.0000000000000000     
 pressure_core_pot:    0.0000000000000000        0.0000000000000000        0.0000000000000000        0.0000000000000000        0.0000000000000000        0.0000000000000000        0.0000000000000000        0.0000000000000000        0.0000000000000000     
 full vdw forces
           1   8.8979818259395126E-013   1.3264489801829175E-002   3.9448941439051755E-002
           2   6.3313972832178701E-013  -1.3264489813470490E-002  -3.9448941436873657E-002
           3   1.1178623944476523E-012   1.3264489821283020E-002  -3.9448941436708955E-002
           4   8.8417288898398616E-013  -1.3264489832757848E-002   3.9448941439185134E-002
           5   8.9737801065893630E-013   1.3264489814985798E-002   3.9448941435537510E-002
           6   6.2454127156344463E-013  -1.3264489808677275E-002  -3.9448941442383145E-002
           7   1.1281718560653825E-012   1.3264489829486888E-002  -3.9448941430007135E-002
           8   8.8980170074529769E-013  -1.3264489821229098E-002   3.9448941442461249E-002
 has_vdw T
                                        |
 SOAP energy:           -39.26586292 eV |
 2b energy:               0.64036531 eV |
 3b energy:               0.00000000 eV |
 core_pot energy:         0.00000000 eV |
 vdw energy:             -1.46039486 eV |
 Total energy:          -44.27597064 eV |
                                        |
 Energy & forces in "trajectory_out.xyz"|
                                        |
 .......................................|
 pressure_soap:   -3.5481151841517913E-002   1.1725805942477336E-014  -4.7502675620612044E-016   1.1725805942477336E-014  -2.8498864730293755E-002  -1.7827507627529926E-012  -4.7502675620612044E-016  -1.7827507627529926E-012  -2.0693025085356743E-002
 pressure_vdw:   -2.4993518817073945E-003  -8.5011310082234249E-017   3.5958126102753554E-016  -8.5011310082234249E-017  -1.9119425895868433E-003   2.2495624230229159E-015   3.5958126102753554E-016   2.2495624230229159E-015  -3.1779128533689239E-003
 pressure_2b:    3.9029004178987470E-002  -4.2914950058377827E-012  -3.2240197390749819E-012  -4.2914950058377827E-012   3.5668428708393617E-002  -1.0595894542080233E-012  -3.2240197390749819E-012  -1.0595894542080233E-012   2.4461433127304189E-002
 pressure_3b:    0.0000000000000000        0.0000000000000000        0.0000000000000000        0.0000000000000000        0.0000000000000000        0.0000000000000000        0.0000000000000000        0.0000000000000000        0.0000000000000000     
 pressure_core_pot:    0.0000000000000000        0.0000000000000000        0.0000000000000000        0.0000000000000000        0.0000000000000000        0.0000000000000000        0.0000000000000000        0.0000000000000000        0.0000000000000000     
 full vdw forces
           1   8.8628091936157572E-013   1.2280425838850091E-002   3.9567723636200071E-002
           2   6.1791983290267411E-013  -1.2280425843164773E-002  -3.9567723637522617E-002
           3   1.1077327748652832E-012   1.2280425816129835E-002  -3.9567723626027736E-002
           4   8.7768125558128351E-013  -1.2280425818214312E-002   3.9567723631096660E-002
           5   8.8996464277929510E-013   1.2280425842191935E-002   3.9567723627461110E-002
           6   6.2517623456576077E-013  -1.2280425845143755E-002  -3.9567723629038418E-002
           7   1.1170590548479492E-012   1.2280425818610842E-002  -3.9567723622824569E-002
           8   8.7665590186984145E-013  -1.2280425817857909E-002   3.9567723633907419E-002
 has_vdw T
                                        |
 SOAP energy:           -39.28037380 eV |
 2b energy:               0.65116065 eV |
 3b energy:               0.00000000 eV |
 core_pot energy:         0.00000000 eV |
 vdw energy:             -1.45853952 eV |
 Total energy:          -44.27783082 eV |
                                        |
 Energy & forces in "trajectory_out.xyz"|
